37
-58
59
55
-89
-31
-24
-18
23
-45
-60
27
14
-65
49
-20
18
30
-88
-46
-3
50
-85
31
24
48
20
63
23
41
41
-6
-80
34
-17
-81
-61
50
-11
52
-61
19
13
43
42
-3
-42
-4
-39
-40
39
48
-55
44
16
59
26
-30
58
-17
-53
35
-86
-43
4
-15
-36
33
-31
43
20
-3
-4
-31
-24
-25
54
22
59
-48
-83
32
-64
-48
12
40
-55
-25
-54
-61
48
-16
62
50
29
2
-30
-70
-30
29
61
-76
-38
-6
-19
27
57
-28
-17
50
14
-12
19
38
28
-35
15
63
28
51
-64
11
-31
-65
-3
-65
25
55
-47
-71
19
-52
-57
-85
30
15
30
23
-79
-50
8
25
26
-37
-3
-9
18
-52
-10
-17
-66
17
-72
-9
40
13
14
-1
5
57
19
-40
-60
50
-35
60
1
-70
20
10
-30
-38
-31
-68
15
57
11
-33
-59
-62
38
-37
43
56
45
17
6
-5
-48
-53
-13
61
-5
17
46
48
13
-17
-86
-33
-70
-28
19
-11
-7
-32
-20
-60
26
10
-34
-2
63
-57
-9
42
50
-69
-28
-61
-34
49
-66
51
0
-84
33
-53
-12
36
5
6
-58
-42
-71
23
15
0
54
-25
-54
-46
63
-57
-12
-12
-78
-28
9
-16
1
-89
-33
24
50
57
