-5
-44
-26
30
43
-34
34
-61
-19
13
-9
-40
-13
-20
-66
-23
44
34
-37
-3
8
21
9
-60
14
-47
22
1
-9
40
15
-27
-60
-66
-53
51
-33
-31
-23
-65
49
-45
6
-20
2
7
-56
34
-14
-26
18
-19
-17
14
-11
-16
34
-2
52
13
-17
54
-27
33
55
-12
-52
9
-56
36
12
-20
-65
-38
-53
48
-44
1
26
52
-38
31
-22
12
-10
-46
-17
11
19
22
-32
-11
21
9
-33
-60
-16
25
17
38
5
16
-38
8
-35
19
43
31
-36
13
28
-7
31
-50
-7
-35
14
-37
44
-23
53
-1
-46
18
-5
-12
-55
46
0
-51
-52
-7
32
20
-12
-16
-17
-25
-40
-66
-25
-25
38
-50
35
18
26
-7
48
14
-43
45
0
-22
50
-60
-47
-60
-27
-59
-44
-11
1
-24
-47
-67
-53
47
-25
17
48
17
-64
30
-46
-42
35
47
18
28
48
-37
-63
36
8
-25
43
-51
25
-40
-43
-32
-64
25
54
-43
-55
-54
-52
-13
30
-17
-9
-46
1
55
-21
-20
47
-15
-48
-41
15
0
-61
10
42
-31
26
11
-3
50
46
43
-61
45
-56
-49
-22
2
48
-5
-27
-17
16
41
26
-17
-35
17
35
-15
-37
-6
52
13
-9
-42
49
-38
36
33
-1
-54
21
6
